/usr/bin/python3 /home/anja/.vscode/extensions/ms-python.python-2019.8.30787/pythonFiles/ptvsd_launcher.py --default --nodebug --client --host localhost --port 33719 /home/anja/Documents/Projekat/optimization.py 
38 15 34
453

0 1 20730 2000
50 51 13760 436.1307506948147
100 97 12945 95.1050158508113
150 134 12335 20.739110978928284
200 168 11710 4.522482019991532
11445 250
2000
-

cd /home/anja/Documents/Projekat ; env PYTHONIOENCODING=UTF-8 PYTHONUNBUFFERED=1 /usr/bin/python3 /home/anja/.vscode/extensions/ms-python.python-2019.8.30787/pythonFiles/ptvsd_launcher.py --default --nodebug --client --host localhost --port 34415 /home/anja/Documents/Projekat/optimization.py 
38 15 34
453
AVG_COST = 5500

P0 = 0.7
PG = 0.02
G = 500
MAX_G = 700

0 1 20810 15420.202886314208
100 101 11525 9551.340510061247
200 201 10350 5916.141714328812
300 300 10135 3664.483822679357
400 400 9595 2269.7971642827997
500 499 9990 1405.9222024943392
600 597 9790 870.8343065055761
9255 700
15420.202886314208
-

cd /home/anja/Documents/Projekat ; env PYTHONIOENCODING=UTF-8 PYTHONUNBUFFERED=1 /usr/bin/python3 /home/anja/.vscode/extensions/ms-python.python-2019.8.30787/pythonFiles/ptvsd_launcher.py --default --nodebug --client --host localhost --port 37815 /home/anja/Documents/Projekat/optimization.py 
38 15 34
453

AVG_COST = 5500

P0 = 0.7
PG = 0.02
G = 500
MAX_G = 1000

0 1 20785 15420.202886314208
100 101 11615 9551.340510061247
200 201 11100 5916.141714328812
300 301 10655 3664.483822679357
400 401 10255 2269.7971642827997
500 501 10015 1405.9222024943392
600 596 9675 870.8343065055761
700 696 10025 539.3985442733638
800 791 9215 334.1057964651521
900 878 9275 206.94657858594792
8645 1000
15420.202886314208
-

cd /home/anja/Documents/Projekat ; env PYTHONIOENCODING=UTF-8 PYTHONUNBUFFERED=1 /usr/bin/python3 /home/anja/.vscode/extensions/ms-python.python-2019.8.30787/pythonFiles/ptvsd_launcher.py --default --nodebug --client --host localhost --port 35997 /home/anja/Documents/Projekat/optimization.py 
38 15 34
453
0 1 20640 15420.202886314208
100 100 11565 4656.1363387293795
200 200 10690 1405.9222024943263
300 296 10595 424.51876312666116
400 387 10440 128.18360783182615
500 466 9750 38.70509090285128
600 523 9080 11.687017452055443
700 579 8720 3.528899525581182
800 668 8720 1.065552602512534
900 768 8720 0.32174402827018517
8720 1000
15420.202886314208
5500
0.7 0.02
200 1000
-

cd /home/anja/Documents/Projekat ; env PYTHONIOENCODING=UTF-8 PYTHONUNBUFFERED=1 /usr/bin/python3 /home/anja/.vscode/extensions/ms-python.python-2019.8.30787/pythonFiles/ptvsd_launcher.py --default --nodebug --client --host localhost --port 34027 /home/anja/Documents/Projekat/optimization.py 
38 15 34
453
0 1 20380 15420.202886314208
100 101 11610 1405.9222024943267
200 197 10420 128.1836078318265
300 274 9600 11.687017452055489
400 360 9355 1.0655526025125406
500 460 9355 0.09715073613769232
600 560 9355 0.008857625151344372
700 660 9355 0.0008075854742935754
800 760 9355 7.363083074146485e-05
900 860 9355 6.713220344163111e-06
9355 1000
15420.202886314208 6.120714235525528e-07 0.9763346710691231
5500
0.7 0.02
100 1000
-

cd /home/anja/Documents/Projekat ; env PYTHONIOENCODING=UTF-8 PYTHONUNBUFFERED=1 /usr/bin/python3 /home/anja/.vscode/extensions/ms-python.python-2019.8.30787/pythonFiles/ptvsd_launcher.py --default --nodebug --client --host localhost --port 39233 /home/anja/Documents/Projekat/optimization.py 
38 15 34
453
0 1 20870 15420.202886314208
100 101 12410 11430.730564190273
200 201 11190 8473.40350800954
300 300 10055 6281.187943881385
400 400 9355 4656.136338729458
500 499 9095 3451.513598785948
600 595 9110 2558.5475286694605
700 695 9200 1896.6071751138934
800 794 8900 1405.9222024943738
900 894 8920 1042.1858914184118
8610 1000
15420.202886314208 772.5544346227342 0.9970107454125818
5500
0.7 0.02
800 1000
-

cd /home/anja/Documents/Projekat ; env PYTHONIOENCODING=UTF-8 PYTHONUNBUFFERED=1 /usr/bin/python3 /home/anja/.vscode/extensions/ms-python.python-2019.8.30787/pythonFiles/ptvsd_launcher.py --default --nodebug --client --host localhost --port 39233 /home/anja/Documents/Projekat/optimization.py 
38 15 34
453
0 1 20870 15420.202886314208
100 101 12410 11430.730564190273
200 201 11190 8473.40350800954
300 300 10055 6281.187943881385
400 400 9355 4656.136338729458
500 499 9095 3451.513598785948
600 595 9110 2558.5475286694605
700 695 9200 1896.6071751138934
800 794 8900 1405.9222024943738
900 894 8920 1042.1858914184118
8610 1000
15420.202886314208 772.5544346227342 0.9970107454125818
5500
0.7 0.02
800 1000
-

cd /home/anja/Documents/Projekat ; env PYTHONIOENCODING=UTF-8 PYTHONUNBUFFERED=1 /usr/bin/python3 /home/anja/.vscode/extensions/ms-python.python-2019.8.30787/pythonFiles/ptvsd_launcher.py --default --nodebug --client --host localhost --port 41573 /home/anja/Documents/Projekat/executable.py 
38 15 34
453
0 1 20765 949.1221581029905
100 99 12460 269.4425501376699
200 195 11705 76.49098401600374
300 268 10635 21.71472409516265
400 342 9785 6.1645074722843445
500 428 9540 1.7500177395445238
600 528 9540 0.49680564140603595
700 628 9540 0.14103619623713146
800 728 9540 0.04003821009911144
900 828 9540 0.01136628972356347
9540 0
949.1221581029905 0.0032267312090170468 0.9874871221258901
100
0.9 0.01
300 1000
20.835
-

cd /home/anja/Documents/Projekat ; env PYTHONIOENCODING=UTF-8 PYTHONUNBUFFERED=1 /usr/bin/python3 /home/anja/.vscode/extensions/ms-python.python-2019.8.30787/pythonFiles/ptvsd_launcher.py --default --nodebug --client --host localhost --port 36185 /home/anja/Documents/Projekat/executable.py 
38 15 34
453
0 1 20690 949.1221581029905
100 100 12085 591.9038133066168
200 195 10360 369.1306974722394
300 290 10265 230.20205099736052
400 383 9590 143.56157492801515
500 465 9380 89.52972272192497
600 539 8935 55.833681503452034
700 610 8800 34.81972126632649
800 678 8490 21.71472409516302
900 745 8235 13.54201657510283
8030 0
949.1221581029905 8.445247202620877 0.995289197110964
100
0.9 0.01
800 1000
46.055
-

cd /home/anja/Documents/Projekat ; env PYTHONIOENCODING=UTF-8 PYTHONUNBUFFERED=1 /usr/bin/python3 /home/anja/.vscode/extensions/ms-python.python-2019.8.30787/pythonFiles/ptvsd_launcher.py --default --nodebug --client --host localhost --port 40249 /home/anja/Documents/Projekat/executable.py 
38 15 34
453
0 1 20560 949.1221581029905
100 101 12080 591.9038133066168
200 196 10595 369.1306974722394
300 285 10155 230.20205099736052
400 371 9615 143.56157492801515
500 453 9385 89.52972272192497
600 530 8845 55.833681503452034
700 598 8570 34.81972126632649
800 656 8300 21.71472409516302
900 725 8210 13.54201657510283
8100 0
949.1221581029905 8.445247202620877 0.995289197110964
100
0.9 0.01
800 1000
48.24
-
